   0.0000000e+00   0.0000000e+00   0.0000000e+00   0.0000000e+00   0.0000000e+00   0.0000000e+00
  -5.2910127e-03  -1.6878758e-02   2.7477577e-02  -2.7609998e-04  -7.7180540e-05  -7.4493234e-05
  -1.7766883e-02  -3.1484785e-02   3.0638265e-02  -3.4084682e-04  -4.4893105e-04  -3.3059422e-04
  -1.9181857e-02  -3.8761909e-02   4.0368500e-02  -5.1020313e-04  -6.1222855e-04  -5.4983452e-04
  -1.9939497e-02  -3.9165791e-02   2.7914210e-02  -3.3628298e-04  -7.5153452e-04  -6.2900279e-04
  -2.4667285e-02  -3.5992029e-02   5.0432146e-02  -6.5858322e-04  -8.8706939e-04  -6.3929275e-04
  -2.8288767e-02  -4.3950919e-02   4.4214274e-02  -7.7493042e-04  -1.0720918e-03  -7.2773204e-04
  -4.1245841e-02  -2.5854795e-02   1.3625597e-01  -1.2261518e-03  -1.4007225e-03  -5.5625683e-04
  -5.5384649e-02  -1.8382362e-02   1.1644416e-01  -1.1828119e-03  -1.6843152e-03  -5.2836575e-04
  -4.9608567e-02  -3.7838381e-02   1.0166402e-01  -1.1019389e-03  -1.6612835e-03  -6.9074762e-04
  -4.3489604e-02  -1.9948810e-02   1.3238165e-01  -1.2005492e-03  -1.6233693e-03  -6.8063701e-04
  -4.7805985e-02  -3.3231914e-02   1.2535109e-01  -1.2396543e-03  -1.7517862e-03  -7.6071134e-04
  -4.3596038e-02  -2.3341861e-02   1.5833412e-01  -1.6182140e-03  -1.6475185e-03  -6.7889067e-04
  -4.5094648e-02  -2.8357631e-02   1.2217681e-01  -1.4758043e-03  -1.5837413e-03  -5.6547062e-04
  -4.2582792e-02  -2.7311223e-02   9.1404855e-02  -1.7647633e-03  -1.5169273e-03  -4.1457476e-04
  -4.4914120e-02  -3.1463922e-02   7.6162064e-02  -1.7090148e-03  -1.4870731e-03  -5.0994970e-04
  -4.7067673e-02  -3.0697951e-02   5.2917484e-02  -1.6732065e-03  -1.5074535e-03  -6.7018770e-04
  -4.8813496e-02  -3.1476727e-02   6.9889059e-02  -1.6099773e-03  -1.6105856e-03  -6.3813706e-04
  -5.3598095e-02  -3.7779588e-02   5.9594215e-02  -1.6454961e-03  -1.7744383e-03  -6.5272218e-04
  -5.6597757e-02  -2.1290583e-02   8.7311612e-02  -1.9847947e-03  -1.8262533e-03  -6.7274169e-04
  -5.4034530e-02  -4.0130051e-02   9.4128096e-02  -1.8697490e-03  -1.9709012e-03  -8.1965892e-04
  -5.6616579e-02  -2.7888270e-02   1.1719872e-01  -1.9878089e-03  -1.9674471e-03  -8.0696398e-04
  -5.5717637e-02  -4.6950219e-02   1.5419330e-01  -2.2994109e-03  -2.0658974e-03  -9.6839394e-04
  -5.4445250e-02  -3.8562985e-02   1.3395084e-01  -2.3337684e-03  -2.0566564e-03  -9.6653803e-04
  -5.2199073e-02  -4.0006353e-02   1.5991438e-01  -2.5865099e-03  -2.0188677e-03  -1.0250954e-03
  -5.1733909e-02  -4.6977105e-02   1.3121396e-01  -2.4886141e-03  -2.0992175e-03  -9.7931500e-04
  -5.1002187e-02  -2.9662172e-02   1.3125089e-01  -2.5790763e-03  -2.0246792e-03  -8.6407018e-04
  -4.8419214e-02  -4.6616481e-02   1.3265571e-01  -2.5336798e-03  -2.0327759e-03  -7.7617908e-04
  -4.8446313e-02  -4.4897928e-02   1.2242152e-01  -2.3959366e-03  -2.1135225e-03  -8.3608217e-04
  -4.5677982e-02  -5.4680074e-02   1.4946976e-01  -2.6400912e-03  -2.1540328e-03  -8.4687942e-04
  -4.5333827e-02  -3.9112441e-02   1.1945883e-01  -2.4234229e-03  -2.1294596e-03  -7.2668903e-04
  -5.5304189e-02  -1.0932568e-01   6.5967330e-02  -2.1839280e-03  -1.6154546e-03  -1.0919876e-03
  -8.8074130e-02  -1.5189192e-01   1.6830903e-01  -3.8560990e-03  -1.7935050e-03  -5.6647137e-04
  -9.5835227e-02  -1.4109759e-01   2.3842032e-01  -5.3345489e-03  -2.2791555e-03  -1.8370427e-04
  -1.0352933e-01  -9.2162234e-02   3.1047888e-01  -4.5482104e-03  -2.1653753e-03  -1.9472578e-04
  -1.0919485e-01  -1.1763928e-01   2.7290600e-01  -4.7556460e-03  -2.2538106e-03  -4.6623895e-04
  -1.0885362e-01  -1.2923902e-01   2.5207334e-01  -5.1990024e-03  -2.1419982e-03  -6.6201988e-04
  -1.1320208e-01  -1.1930214e-01   2.4991489e-01  -5.1940215e-03  -2.1655584e-03  -4.3861210e-04
  -1.3180135e-01  -1.6499376e-01   1.6286636e-01  -4.6808975e-03  -2.4623435e-03  -7.9035776e-04
  -1.3745053e-01  -1.3884957e-01   2.3564773e-01  -5.1703841e-03  -2.4867343e-03  -5.4301817e-04
  -1.3333230e-01  -1.4944397e-01   2.1668660e-01  -5.1450238e-03  -2.7201300e-03  -2.7722744e-04
  -1.2584169e-01  -1.1552421e-01   2.9556705e-01  -5.0410139e-03  -2.7156470e-03  -3.1479987e-04
  -1.3654873e-01  -1.3686236e-01   2.7465074e-01  -4.9606749e-03  -2.9624635e-03  -2.5132737e-04
  -1.3772366e-01  -1.4488743e-01   2.9563154e-01  -5.5265835e-03  -2.9232920e-03  -3.3649463e-04
  -1.4494239e-01  -1.2366795e-01   3.3399171e-01  -5.4861240e-03  -3.2228210e-03  -4.8180839e-04
  -1.4665944e-01  -1.3832292e-01   2.9368188e-01  -5.6080214e-03  -3.2205233e-03  -4.2931561e-04
  -1.3854124e-01  -1.1827561e-01   2.6218983e-01  -5.1577115e-03  -3.2957686e-03  -4.3202119e-04
  -1.3641076e-01  -1.2326745e-01   2.0756808e-01  -4.5745114e-03  -3.5022792e-03  -4.6242929e-04
  -1.3164732e-01  -1.1901987e-01   2.3986543e-01  -4.9414908e-03  -3.3110832e-03  -3.2327576e-04
  -1.3081509e-01  -1.2416738e-01   2.1589529e-01  -4.8680223e-03  -3.2942128e-03  -2.1463109e-04
  -1.2958148e-01  -1.1681668e-01   2.4191970e-01  -5.0618612e-03  -3.1925710e-03  -2.0548412e-04
  -1.3486238e-01  -1.3857484e-01   2.3457907e-01  -5.0175811e-03  -3.2949199e-03  -2.2567950e-04
  -1.3438922e-01  -1.2587698e-01   2.5414077e-01  -5.3358644e-03  -3.1827775e-03  -1.1390903e-04
  -1.3281090e-01  -1.3754949e-01   2.5728449e-01  -5.3884256e-03  -3.2513209e-03  -9.6264668e-05
  -1.3112859e-01  -1.2149542e-01   2.3663928e-01  -5.2748297e-03  -3.2369999e-03  -5.0342824e-05
  -1.2532452e-01  -1.3882675e-01   2.7191394e-01  -5.4259361e-03  -3.1244449e-03   4.4657288e-05
  -1.2962519e-01  -1.4752679e-01   2.4548546e-01  -5.1585965e-03  -3.3061589e-03   5.2476475e-05
  -1.3067747e-01  -1.3540171e-01   2.9513369e-01  -5.1478588e-03  -3.2756044e-03   1.8395352e-04
  -1.2919213e-01  -1.5702096e-01   2.8477322e-01  -5.1327170e-03  -3.3966980e-03   9.1205101e-05
  -1.3218237e-01  -1.3991809e-01   2.9306483e-01  -5.3192266e-03  -3.3473187e-03   2.5985600e-04
  -1.2990101e-01  -1.4704040e-01   3.0219598e-01  -5.3859646e-03  -3.3762563e-03   2.6682443e-04
  -1.3795843e-01  -1.5003117e-01   2.9147037e-01  -5.5667663e-03  -3.3551342e-03   1.4411664e-04
  -1.4694565e-01  -1.4712021e-01   3.5491658e-01  -6.0328979e-03  -3.4022572e-03  -5.6572861e-05
  -1.4923884e-01  -1.3373297e-01   3.7679707e-01  -5.9046600e-03  -3.5343576e-03   7.6643628e-05
  -1.4233289e-01  -1.5933949e-01   3.3490495e-01  -6.0901278e-03  -3.4421568e-03   1.3999726e-04
  -1.5094530e-01  -1.3545882e-01   3.9815638e-01  -6.2190307e-03  -3.4665645e-03   1.9090195e-04
  -1.4943940e-01  -1.4802502e-01   3.8066263e-01  -6.0947519e-03  -3.5054817e-03   3.1034468e-04
  -1.4974786e-01  -1.7032788e-01   3.6781403e-01  -6.2890679e-03  -3.5678443e-03   2.8759819e-04
  -1.4895997e-01  -1.3367602e-01   4.0773352e-01  -6.4812319e-03  -3.5384675e-03   1.8736379e-04
  -1.4882127e-01  -1.4649018e-01   3.9681225e-01  -6.3166645e-03  -3.5625850e-03   1.8293499e-04
  -1.5512091e-01  -1.7350674e-01   4.0769979e-01  -6.3894589e-03  -3.7000848e-03   1.5085416e-04
  -1.4991450e-01  -1.5938759e-01   4.0023342e-01  -6.3359848e-03  -3.5216438e-03   2.1860119e-04
  -1.5209966e-01  -1.7070973e-01   3.9833292e-01  -6.4656168e-03  -3.4611352e-03   2.4782797e-04
  -1.5203686e-01  -1.4910936e-01   3.8153517e-01  -6.5957815e-03  -3.4529278e-03   2.3690437e-04
  -1.5297264e-01  -1.6998640e-01   3.7719105e-01  -6.5018780e-03  -3.5114300e-03   1.2821415e-04
  -1.6172960e-01  -1.3242755e-01   4.2142630e-01  -6.3874997e-03  -3.8406827e-03   2.1323121e-04
  -1.6391403e-01  -1.2729463e-01   3.5956695e-01  -5.5017760e-03  -4.1104598e-03   2.9053106e-04
  -1.9256162e-01  -1.7864779e-01   2.7979643e-01  -2.6322326e-03  -4.2561138e-03  -5.0082367e-04
  -1.7977981e-01  -1.5587433e-01   3.7332610e-01  -4.8595974e-03  -5.0584884e-03   9.7981869e-05
  -1.8391904e-01  -1.2958865e-01   3.8035626e-01  -5.2771356e-03  -5.0041688e-03   2.6555254e-04
  -1.7959861e-01  -1.4187388e-01   3.9750137e-01  -5.5960804e-03  -4.9177410e-03   2.0324120e-04
  -1.8858500e-01  -1.6166797e-01   3.4393703e-01  -3.7486413e-03  -4.6799701e-03  -3.6934130e-04
  -2.0548096e-01  -1.6030480e-01   3.9827871e-01  -4.1143805e-03  -5.1724718e-03  -1.2963384e-03
  -1.9825767e-01  -1.5814978e-01   4.2774603e-01  -4.7115728e-03  -5.5854688e-03  -5.1446250e-04
  -1.9489136e-01  -1.4197786e-01   4.1585450e-01  -5.3895704e-03  -5.5593923e-03  -1.5975559e-04
  -1.9643551e-01  -1.4901921e-01   4.6365586e-01  -6.1136609e-03  -5.6746538e-03  -1.4332238e-04
  -1.9725189e-01  -1.7613123e-01   4.5763064e-01  -6.4130073e-03  -5.8380198e-03  -1.2272354e-04
  -2.0244165e-01  -1.6867023e-01   4.4202657e-01  -6.7495195e-03  -5.9213740e-03  -1.4590842e-04
  -1.9357163e-01  -1.7713644e-01   4.5667620e-01  -7.3630554e-03  -5.7895034e-03  -1.5077376e-04
  -1.8906415e-01  -1.9297048e-01   4.5187901e-01  -7.4424010e-03  -5.7632456e-03  -7.0816005e-05
